# python3
# -*- coding: utf-8 -*-
# @Time    : 2020/6/22 16:50
# @Author  : qixuejian
# @FileName: test2.py
# @Software: PyCharm
import numpy as np
s = [[0,        0.044712, 0.010034, 0.028501, 0.055508, 0.008378, 4.9e-05, 0.013552, 1.2e-05,   0.011026, 0.022269, 0.003446, 0.058715, 0.011498],
     [0.044712, 0,        0.033954, 0.045009, 0.04724,  0.006659, 0.013985, 0.046828, 0.004569, 0.135718, 0.016534, 0.007789, 0.038112, 0.166555],
     [0.010034, 0.033954, 0,        0.074746, 0.020058, 0.006447, 0.006354, 0.021724, 0.000714, 0.03732,  0.005171, 0.001664, 0.01233, 0.037425],
     [0.028501, 0.045009, 0.074746, 0,        0.200713, 0.015506, 0.007783, 0.258403, 0.000912, 0.071132, 0.022742, 0.003606, 0.109809, 0.057004],
     [0.055508, 0.04724,  0.020058, 0.200713, 0,        0.022449, 0.043078, 0.145437, 0.004199, 0.125017, 0.042563, 0.015638, 0.378899, 0.080012],
     [0.008378, 0.006659, 0.006447, 0.015506, 0.022449, 0,        0.041904, 0.073955, 0.000542, 0.056793, 0.090181, 0.002466, 0.016165, 0.052239],
     [4.9e-05,  0.013985, 0.006354, 0.007783, 0.043078, 0.041904, 0,        0.101356, 0.000268, 0.010095, 0.009669, 0.001598, 0.023645, 0.004473],
     [0.013552, 0.046828, 0.021724, 0.258403, 0.145437, 0.073955, 0.101356, 0,        0.000974, 0.051551, 0.020561, 0.001374, 0.082534, 0.054253],
     [1.2e-05,  0.004569, 0.000714, 0.000912, 0.004199, 0.000542, 0.000268, 0.000974, 0,        0.004451, 0.001788, 0.000219, 0.002154, 0.005231],
     [0.011026, 0.135718, 0.03732,  0.071132, 0.125017, 0.056793, 0.010095, 0.051551, 0.004451, 0,        0.046688, 0.013881, 0.071741, 0.149795],
     [0.022269, 0.016534, 0.005171, 0.022742, 0.042563, 0.090181, 0.009669, 0.020561, 0.001788, 0.046688, 0,        0.004466, 0.026246, 0.043841],
     [0.003446, 0.007789, 0.001664, 0.003606, 0.015638, 0.002466, 0.001598, 0.001374, 0.000219, 0.013881, 0.004466, 0,        0.008076, 0.004966],
     [0.058715, 0.038112, 0.01233,  0.109809, 0.378899, 0.016165, 0.023645, 0.082534, 0.002154, 0.071741, 0.026246, 0.008076, 0,        0.040888],
     [0.011498, 0.166555, 0.037425, 0.057004, 0.080012, 0.052239, 0.004473, 0.054253, 0.005231, 0.149795, 0.043841, 0.004966, 0.040888, 0       ]]
b = []
for i in s:
    a = sum(i)
    b.append(a)
print(b)

[0.2677000, 0.607664, 0.267941, 0.895866, 1.180811, 0.393684, 0.264257, 0.8725, 0.026033, 0.785208, 0.352719, 0.069189, 0.869313, 0.70818]
#   0           1        2         3         4          5       6          7        8        9          10        11       12       13

# 4 3 7 12 9 13 11 1 5 10 2 0 6 8